562
587
588
636
817
818
820
821
823
853
901
905
1264
1265
1304
1308
1318
1322
1351
1358
1496
1502
1506
1509
1512
1535
1547
1597
1598
1623
1679
1680
1682
1685
1686
1735
28026
28111
28116
28117
28118
28126
28127
29347
29348
29361
29466
29523
31971
33029
33038
33039
33043
35833
39485
39486
39488
39491
39492
39496
39778
40518
40520
45851
46124
46228
46503
46506
47678
52226
53443
61171
69218
74426
76856
78346
84026
84030
84109
84110
84112
88431
89014
89153
90371
100886
102148
102862
105841
126385
133926
147206
147207
154046
165179
166486
168384
169435
172901
187327
208479
214851
214853
214856
218538
239935
246787
253239
261299
301301
310297
310298
328813
328814
329854
333367
338188
357276
360807
371601
384638
387090
387661
410072
418240
438033
446660
544645
626932
691816
1288121
1297617
1470347
1869337
1872530
1891238
1898207
1945593
1955243
2023260
2053618